  0      0.000000000   0.000000000   0.000000000   0.000000000   0.000000000     0       0       0  
6.517154852    9.926576160   0.1738979901   26.88823221   21.19624561   -0.8230670094   26.88823221   21.19624561     0  
1.000000000   0.000000000   0.000000000   1.000000000   1.000000000   0.000000000   0.000000000    1.000000000      0  
109.0000000   99.00000000   15.00000000   12.41499996   11.20600033   7.625000000   0.1803691387    0      0  
-37.79999924   -19.71999931   -75.05000305   1.796875000   -0.9062500000   1567590949.183184797   0    0.000000000    0.000000000
-4.219999790   1.570000052   29.97694206   0.000000000   0.000000000   0.000000000   6.643300407    9.741790373    0.1527318118
9.208895576e-08   -4.278023379e-08   0.1738979901   0.000000000   0.1088428497   0.2293224335   0.2088766098   0.1485500336   0.4799999893
0.4631729537   0.8768620083   0.3497319631   0.000000000   0.000000000   0.000000000   1.299910353   1.157598791   0.000000000

  0      26.88823221   21.19624561   -11.13253498   -7.974830925   -10.94684673     0       0       0  
6.517154852    9.926576160   0.1738979901   26.88823221   21.19624561   -0.8262086511   26.88823221   21.19624561     0  
1.000000000   0.000000000   0.000000000   1.000000000   1.000000000   0.000000000   0.000000000    1.000000000      0  
109.0000000   99.00000000   15.00000000   12.35900021   11.14999962   7.572999954   9.282594681    0      0  
-37.91999817   -19.63999939   -74.87000275   1.828125000   -0.8750000000   1567590949.383149693   0    0.000000000    0.000000000
-4.219999790   1.580000043   29.97694206   0.000000000   0.000000000   0.000000000   6.642039013    9.743638322    0.1529434750
6.415860190e-07   -1.886381922e-07   9.273022327   0.000000000   9.882713318   8.864227295   8.897358894   9.447790146   0.4799999893
0.6273045241   0.7204840738   0.3182939279   0.000000000   0.000000000   0.000000000   1.290768192   1.160942978   0.000000000

  0      26.88823221   21.19624561   -11.13253498   -7.974830925   -10.94684673     0       0       0  
6.517154852    9.926576160   0.1738979901   26.88823221   21.19624561   -0.8344116807   26.88823221   21.19624561     0  
1.000000000   0.000000000   0.000000000   1.000000000   1.000000000   0.000000000   0.000000000    1.000000000      0  
109.0000000   99.00000000   15.00000000   12.39599991   11.19200039   7.592000008   9.340255737    0      0  
-38.24000168   -19.43000031   -74.40000153   1.828125000   -0.8750000000   1567590949.983151151   0    0.000000000    0.000000000
-4.210000038   1.580000043   29.97694206   0.000000000   0.000000000   0.000000000   6.640790233    9.745467791    0.1531530215
9.410077553e-07   -2.399289958e-07   9.330368385   0.000000000   9.951533318   8.912740707   8.948065758   9.509134293   0.4799999893
0.6226085941   0.7202345131   0.3174823145   0.000000000   0.000000000   0.000000000   1.288536155   1.158811075   0.000000000

  0      26.88823221   21.19624561   -11.13253498   -7.974830925   -10.94684673     0       0       0  
6.517154852    9.926576160   0.1738979901   26.88823221   21.19624561   -0.8422657847   26.88823221   21.19624561     0  
1.000000000   0.000000000   0.000000000   1.000000000   1.000000000   0.000000000   0.000000000    1.000000000      0  
109.0000000   99.00000000   15.00000000   12.38700008   11.16800022   7.583000183   9.289867401    0      0  
-38.54000092   -19.22999954   -73.94999695   1.765625000   -0.8750000000   1567590950.483146880   0    0.000000000    0.000000000
-4.230000019   1.570000052   29.97694206   0.000000000   0.000000000   0.000000000   6.639553941    9.747278965    0.1533604726
1.058308738e-07   -2.087218904e-07   9.280160224   0.000000000   9.894484520   8.868043900   8.902134895   9.455977440   0.4799999893
0.6273096571   0.7238267754   0.3190977368   0.000000000   0.000000000   0.000000000   1.292375398   1.162383944   0.000000000

  0      26.88823221   21.19624561   -11.13253498   -7.974830925   -10.94684673     0       0       0  
6.517154852    9.926576160   0.1738979901   26.88823221   21.19624561   -0.8522141576   26.88823221   21.19624561     0  
1.000000000   0.000000000   0.000000000   1.000000000   1.000000000   0.000000000   0.000000000    1.000000000      0  
109.0000000   99.00000000   15.00000000   12.39099979   11.20600033   7.611000061   9.296237946    0      0  
-38.93000031   -18.98999977   -73.37999725   1.828125000   -0.8750000000   1567590951.083150213   0    0.000000000    0.000000000
-4.219999790   1.570000052   29.97694206   0.000000000   0.000000000   0.000000000   6.638330012    9.749072028    0.1535658492
6.406807840e-07   1.270667465e-07   9.287230318   0.000000000   9.879356384   8.889791489   8.923392296   9.456381798   0.4799999893
0.6274341747   0.7276840841   0.3200527306   0.000000000   0.000000000   0.000000000   1.294283968   1.164095468   0.000000000

  0      26.88823221   21.19624561   -11.13253498   -7.974830925   -10.94684673     0       0       0  
6.517154852    9.926576160   0.1738979901   26.97819941   21.09042877   -0.8801392913   26.97819941   21.09042877     0  
1.000000000   0.000000000   0.000000000   1.000000000   1.000000000   0.000000000   0.000000000    1.000000000      0  
109.0000000   99.00000000   15.00000000   12.35900021   11.22000027   7.568999767   9.298717499    0      0  
-39.13000107   -19.12000084   -71.77999878   2.312500000   -0.2031250000   1567590951.683148755   0    0.000000000    0.000000000
-3.890000105   1.659999967   30.11583519   0.3100253046   0.3100253046   0.3100253046   6.517154852    9.926576160    0.1738979901
4.532124347e-07   -6.852972652e-07   9.289815761   0.000000000   9.878115654   8.892695427   8.929829597   9.458621979   0.4799999893
0.6190289300   0.7326495895   0.3199345452   0.000000000   0.000000000   0.000000000   1.292908761   1.162617099   0.000000000

  0      26.97819941   21.09042877   -11.13253498   -7.974830925   -10.94684673     0       0       0  
6.517154852    9.926576160   0.1738979901   27.08296138   20.96143521   -0.8972434402   27.08296138   20.96143521     0  
1.000000000   0.000000000   0.000000000   1.000000000   1.000000000   0.000000000   0.000000000    1.000000000      0  
109.0000000   99.00000000   15.00000000   12.52299976   11.24800014   7.647999763   9.296380997    0      0  
-39.33000183   -19.14999962   -70.80000305   4.109375000   -1.093750000   1567590952.183145942   0    0.000000000    0.000000000
-4.230000019   1.200000048   30.28201103   0.3100253046   0.3720304072   0.3100253046   6.517154852    9.926576160    0.1738979901
7.519304335e-07   -1.072667164e-07   9.286375865   0.000000000   9.911214828   8.867219925   8.903903961   9.463165283   0.4799999893
0.6329597723   0.7424027820   0.3246118800   0.000000000   0.000000000   0.000000000   1.303830677   1.172758523   0.000000000

  0      27.08296138   20.96143521   -11.13253498   -7.974830925   -10.94684673     0       0       0  
6.517154852    9.926576160   0.1738979901   27.21025780   20.79965134   -0.9110316634   27.21025780   20.79965134     0  
1.000000000   0.000000000   0.000000000   1.000000000   1.000000000   0.000000000   0.000000000    1.000000000      0  
109.0000000   99.00000000   15.00000000   12.71500015   11.34599972   7.742000103   9.281943321    0      0  
-39.93000031   -19.02000046   -70.01000214   0.9062500000   1.187500000   1567590952.783146515   0    0.000000000    0.000000000
-3.829999924   1.679999948   30.48787117   0.3720304072   0.3720304072   0.3720304072   6.517154852    9.926576160    0.1738979901
1.470248314e-07   -2.150616503e-07   9.271510155   0.000000000   9.910326004   8.843245506   8.882816315   9.449652672   0.4799999893
0.6460213006   0.7731944925   0.3349429971   0.000000000   0.000000000   0.000000000   1.324446598   1.191308437   0.000000000

  0      27.21025780   20.79965134   -11.13253498   -7.974830925   -10.94684673     0       0       0  
6.517154852    9.926576160   0.1738979901   27.30712530   20.67389690   -0.9178383946   27.30712530   20.67389690     0  
1.000000000   0.000000000   0.000000000   1.000000000   1.000000000   0.000000000   0.000000000    1.000000000      0  
109.0000000   99.00000000   15.00000000   12.94499969   11.45400047   7.901999950   9.281262398    0      0  
-40.36999893   -18.68000031   -69.62000275   2.031250000   -3.375000000   1567590953.283146567   0    0.000000000    0.000000000
-4.179999828   1.639999986   30.64660835   0.3100253046   0.3100253046   0.3100253046   6.517154852    9.926576160    0.1738979901
2.084851500e-07   -9.025117951e-07   9.270569078   0.000000000   9.918143272   8.838417053   8.876327515   9.449387550   0.4799999893
0.6736061229   0.8033936686   0.3487844240   0.000000000   0.000000000   0.000000000   1.351215829   1.215318802   0.000000000

  0      27.30712530   20.67389690   -11.13253498   -7.974830925   -10.94684673     0       0       0  
6.517154852    9.926576160   0.1738979901   27.42727582   20.51754961   -0.9133005738   27.42727582   20.51754961     0  
1.000000000   0.000000000   0.000000000   1.000000000   1.000000000   0.000000000   0.000000000    1.000000000      0  
109.0000000   99.00000000   15.00000000   13.16499996   11.57600021   7.929999828   9.263329506    0      0  
-40.58000183   -17.87000084   -69.87999725   -0.07812500000   -0.2343750000   1567590953.883148181   0    0.000000000    0.000000000
-4.260000229   1.330000043   30.84379005   0.3720304072   0.3720304072   0.3720304072   6.517154852    9.926576160    0.1738979901
8.433780145e-07   3.044671981e-07   9.251034426   0.000000000   9.944021225   8.781661987   8.835122108   9.443333626   0.4799999893
0.6775186881   0.8739509300   0.3714686019   0.000000000   0.000000000   0.000000000   1.386700480   1.245580033   0.000000000

  0      27.42727582   20.51754961   -11.13253498   -7.974830925   -10.94684673     0       0       0  
6.517154852    9.926576160   0.1738979901   27.54396743   20.36950964   -0.8932293057   27.54396743   20.36950964     0  
1.000000000   0.000000000   0.000000000   1.000000000   1.000000000   0.000000000   0.000000000    1.000000000      0  
109.0000000   99.00000000   15.00000000   13.34799957   11.67399979   8.024000168   9.270379066    0      0  
-40.74000168   -17.19000053   -71.02999878   0.8437500000   2.531250000   1567590954.483147868   0    0.000000000    0.000000000
-4.019999981   1.500000000   31.03229141   0.3100253046   0.3100253046   0.3100253046   6.517154852    9.926576160    0.1738979901
7.894424225e-07   -6.133311361e-07   9.257377399   0.000000000   9.969205856   8.772187233   8.831206322   9.456910133   0.4799999893
0.6966123356   0.9235824888   0.3927151753   0.000000000   0.000000000   0.000000000   1.418770594   1.272868738   0.000000000

  0      27.54396743   20.36950964   -11.13253498   -7.974830925   -10.94684673     0       0       0  
6.517154852    9.926576160   0.1738979901   27.63991169   20.25252517   -0.8745543361   27.63991169   20.25252517     0  
1.000000000   0.000000000   0.000000000   1.000000000   1.000000000   0.000000000   0.000000000    1.000000000      0  
109.0000000   99.00000000   15.00000000   13.52099991   11.79599953   8.121999741   9.266924858    0      0  
-41.06999969   -16.39999962   -72.09999847   0.07812500000   -0.2968750000   1567590954.983149170   0    0.000000000    0.000000000
-4.519999981   1.620000005   31.18358803   0.3100253046   0.3100253046   0.3100253046   6.517154852    9.926576160    0.1738979901
4.041501924e-07   -5.791608153e-07   9.253811705   0.000000000   9.966166496   8.762056351   8.828956604   9.458066940   0.4799999893
0.7199053444   0.9992568906   0.4264516451   0.000000000   0.000000000   0.000000000   1.464791412   1.311168271   0.000000000

  0      27.63991169   20.25252517   -11.13253498   -7.974830925   -10.94684673     0       0       0  
6.517154852    9.926576160   0.1738979901   27.76227653   20.10913645   -0.8541340232   27.76227653   20.10913645     0  
1.000000000   0.000000000   0.000000000   1.000000000   1.000000000   0.000000000   0.000000000    1.000000000      0  
109.0000000   99.00000000   15.00000000   13.68500042   11.92800045   8.262999535   9.258285522    0      0  
-41.41999817   -15.26000023   -73.26999664   0.9687500000   5.062500000   1567590955.583145160   0    0.000000000    0.000000000
-4.309999943   1.750000000   31.37209129   0.3100253046   0.3100253046   0.3100253046   6.517154852    9.926576160    0.1738979901
3.569674778e-07   -3.145257343e-07   9.245926164   0.000000000   9.933134079   8.764869690   8.834715843   9.450984955   0.4799999893
0.7659269071   1.093264613   0.4771357490   0.000000000   0.000000000   0.000000000   1.528504913   1.363521734   0.000000000

  0      27.76227653   20.10913645   -11.13253498   -7.974830925   -10.94684673     0       0       0  
6.517154852    9.926576160   0.1738979901   27.86286549   19.99446390   -0.8473270535   27.86286549   19.99446390     0  
1.000000000   0.000000000   0.000000000   1.000000000   1.000000000   0.000000000   0.000000000    1.000000000      0  
109.0000000   99.00000000   15.00000000   13.95699978   12.06799984   8.281999588   9.194844246    0      0  
-40.75000000   -14.52999973   -73.66000366   -5.000000000   1.765625000   1567590956.083141305   0    0.000000000    0.000000000
-4.179999828   1.100000024   31.52462959   0.3100253046   0.3100253046   0.3100253046   6.517154852    9.926576160    0.1738979901
9.157846081e-07   6.824107777e-07   9.179819959   0.000000000   9.922027588   8.630555153   8.742009163   9.424690247   0.4799999893
0.8261114644   1.375614335   0.6251080747   0.000000000   0.000000000   0.000000000   1.681319087   1.483821350   0.000000000

  0      27.86286549   19.99446390   -11.13253498   -7.974830925   -10.94684673     0       0       0  
6.517154852    9.926576160   0.1738979901   27.98983953   19.85682361   -0.8040429950   27.98983953   19.85682361     0  
1.000000000   0.000000000   0.000000000   1.000000000   1.000000000   0.000000000   0.000000000    1.000000000      0  
109.0000000   99.00000000   13.00000000   14.09300041   0.000000000   8.411999702   nan    0      0  
-40.54999924   -15.28999996   -76.13999939   27.89062500   -26.75000000   1567590956.683144951   0    0.000000000    0.000000000
-4.369999886   1.389999986   31.71189213   0.3100253046   0.3100253046   0.3100253046   6.517154852    9.926576160    0.1738979901
nan   nan   1.000000000   nan   nan   1.000000000   nan   nan   1.000000000
nan   nan   nan   nan   nan   nan   nan   nan   nan

  0      27.98983953   19.85682361   -11.13253498   -7.974830925   -10.94684673     0       0       0  
6.517154852    9.926576160   0.1738979901   28.11746613   19.71308307   -0.8853752017   28.11746613   19.71308307     0  
1.000000000   0.000000000   0.000000000   1.000000000   1.000000000   0.000000000   0.000000000    1.000000000      0  
109.0000000   99.00000000   15.00000000   14.30900002   12.34899998   8.505999565   8.938619614    0      0  
-42.04999924   -15.72999954   -71.48000336   5.640625000   -0.2968750000   1567590957.283149065   0    0.000000000    0.000000000
-3.769999981   2.269999981   31.90411472   0.3100253046   0.3100253046   0.3100253046   6.517154852    9.926576160    0.1738979901
9.360779796e-07   6.472343994e-07   8.924418459   nan   9.564167023   8.346044540   8.527029037   9.260436058   0.4799999893
1.525778628   2.791942399   1.737716785   nan   0.000000000   nan   2.460779919   2.077912661   nan

  0      28.11746613   19.71308307   -11.13253498   -7.974830925   -10.94684673     0       0       0  
6.517154852    9.926576160   0.1738979901   28.20998404   19.59810334   -0.9010832906   28.20998404   19.59810334     0  
1.000000000   0.000000000   0.000000000   1.000000000   1.000000000   0.000000000   0.000000000    1.000000000      0  
109.0000000   99.00000000   15.00000000   14.42599964   12.45699978   8.623000145   0.6130688787    0      0  
-42.86999893   -15.63000011   -70.58000183   -2.562500000   -2.765625000   1567590957.783148336   0    0.000000000    0.000000000
-4.300000191   2.220000029   32.05169392   0.3100253046   0.3100253046   0.3100253046   6.517154852    9.926576160    0.1738979901
0.0002246912166   0.0002207777677   0.5529183219   nan   0.2070960999   0.5037403107   0.5526313782   0.9494047165   0.4799999893
76.16169187   93.17368814   151.5836341   nan   0.000000000   nan   17.91421263   13.01289284   nan

  0      28.20998404   19.59810334   -11.13253498   -7.974830925   -10.94684673     0       0       0  
6.517154852    9.926576160   0.1738979901   28.31998727   19.46217207   -0.8797902465   28.31998727   19.46217207     0  
1.000000000   0.000000000   0.000000000   1.000000000   1.000000000   0.000000000   0.000000000    1.000000000      0  
109.0000000   99.00000000   15.00000000   14.59000015   12.59799957   8.727000237   1.177710772    0      0  
-43.50000000   -14.36999989   -71.80000305   0.7812500000   -1.187500000   1567590958.383157763   0    0.000000000    0.000000000
-3.950000048   2.319999933   32.22655869   0.3100253046   0.3100253046   0.3100253046   6.517154852    9.926576160    0.1738979901
1.186117831e-06   1.748370546e-06   1.161422402   nan   0.9075412750   1.122043610   1.160789490   1.455323219   0.4799999893
68.83626832   84.48558225   136.3548791   nan   0.000000000   nan   17.01989217   12.38232008   nan

  0      28.31998727   19.46217207   -11.13253498   -7.974830925   -10.94684673     0       0       0  
6.517154852    9.926576160   0.1738979901   28.40605872   19.35315437   -0.9251688123   28.40605872   19.35315437     0  
1.000000000   0.000000000   0.000000000   1.000000000   1.000000000   0.000000000   0.000000000    1.000000000      0  
109.0000000   99.00000000   15.00000000   14.78600025   12.75699997   8.843999863   1.774475336    0      0  
-44.36999893   -15.40999985   -69.19999695   2.671875000   -1.156250000   1567590958.883152137   0    0.000000000    0.000000000
-4.070000172   1.379999995   32.36545849   0.2480202615   0.3100253046   0.2480202615   6.517154852    9.926576160    0.1738979901
-2.093518030e-06   -5.313323073e-06   1.771129714   nan   1.630523682   1.747365952   1.770593643   1.936015129   0.4799999893
62.25644783   76.63174460   122.6554186   nan   0.000000000   nan   16.17231001   11.78508347   nan

  0      28.40605872   19.35315437   -11.13253498   -7.974830925   -10.94684673     0       0       0  
6.517154852    9.926576160   0.1738979901   28.48979147   19.23770171   -0.9614716172   28.48979147   19.23770171     0  
1.000000000   0.000000000   0.000000000   1.000000000   1.000000000   0.000000000   0.000000000    1.000000000      0  
109.0000000   99.00000000   15.00000000   14.93200016   12.85099983   8.961000443   2.164388895    0      0  
-44.91999817   -16.37000084   -67.12000275   -2.281250000   -2.828125000   1567590959.483143752   0    0.000000000    0.000000000
-4.300000191   2.059999943   32.50807953   0.2480202615   0.3100253046   0.2480202615   6.517154852    9.926576160    0.1738979901
-9.953122007e-07   1.368234716e-06   2.163823006   nan   2.100238800   2.152988434   2.163200378   2.238865852   0.4799999893
58.67669346   71.56044686   114.4866531   nan   0.000000000   nan   15.64365026   11.41214880   nan

  0      28.48979147   19.23770171   -11.13253498   -7.974830925   -10.94684673     0       0       0  
6.517154852    9.926576160   0.1738979901   28.57123957   19.11761448   -0.9881752133   28.57123957   19.11761448     0  
1.000000000   0.000000000   0.000000000   1.000000000   1.000000000   0.000000000   0.000000000    1.000000000      0  
109.0000000   99.00000000   15.00000000   15.06799984   12.99199963   9.059000015   2.803501844    0      0  
-45.36999893   -16.84000015   -65.58999634   2.312500000   1.640625000   1567590960.083152033   0    0.000000000    0.000000000
-4.409999847   1.789999962   32.65318203   0.2480202615   0.3100253046   0.2480202615   6.517154852    9.926576160    0.1738979901
-7.230376378e-06   -8.857773109e-06   2.803474953   nan   2.821889877   2.806962967   2.803697586   2.781306267   0.4799999893
52.37594486   64.05519639   101.4252707   nan   0.000000000   nan   14.75995976   10.79032628   nan

  0      28.57123957   19.11761448   -11.13253498   -7.974830925   -10.94684673     0       0       0  
6.517154852    9.926576160   0.1738979901   28.63573802   19.01460247   -1.034600973   28.63573802   19.01460247     0  
1.000000000   0.000000000   0.000000000   1.000000000   1.000000000   0.000000000   0.000000000    1.000000000      0  
109.0000000   99.00000000   15.00000000   15.25100040   13.07100010   9.152999878   2.763895512    0      0  
-46.22000122   -18.05999947   -62.93000031   6.031250000   -5.578125000   1567590960.583143335   0    0.000000000    0.000000000
-4.300000191   1.789999962   32.77472115   0.1860152036   0.2480202615   0.1860152036   6.517154852    9.926576160    0.1738979901
-2.463041492e-06   -8.061695365e-07   2.762544585   nan   2.872756958   2.782524109   2.764102936   2.630785942   0.4799999893
53.80629852   65.44868634   104.1082461   nan   0.000000000   nan   14.94534145   10.92039307   nan

  0      28.63573802   19.01460247   -11.13253498   -7.974830925   -10.94684673     0       0       0  
6.517154852    9.926576160   0.1738979901   28.69501166   18.90848707   -1.088182569   28.69501166   18.90848707     0  
1.000000000   0.000000000   0.000000000   1.000000000   1.000000000   0.000000000   0.000000000    1.000000000      0  
109.0000000   99.00000000   15.00000000   15.36800003   13.19299984   9.241999626   3.302415371    0      0  
-47.49000168   -19.53000069   -59.86000061   1.031250000   0.5468750000   1567590961.183145678   0    0.000000000    0.000000000
-4.309999943   1.210000038   32.89626694   0.1860152036   0.2480202615   0.1860152036   6.517154852    9.926576160    0.1738979901
5.125992590e-06   6.029139998e-06   3.299272009   nan   3.480560303   3.335287094   3.302528381   3.078742027   0.4799999893
48.90670204   59.54495233   93.90482636   nan   0.000000000   nan   14.22520582   10.41401240   nan

  0      28.69501166   18.90848707   -11.13253498   -7.974830925   -10.94684673     0       0       0  
6.517154852    9.926576160   0.1738979901   28.73919320   18.81964645   -1.130419612   28.73919320   18.81964645     0  
1.000000000   0.000000000   0.000000000   1.000000000   1.000000000   0.000000000   0.000000000    1.000000000      0  
109.0000000   99.00000000   15.00000000   15.49899960   13.27299976   9.331000328   3.403227329    0      0  
-48.34000015   -20.62999916   -57.43999863   3.312500000   -1.218750000   1567590961.683140418   0    0.000000000    0.000000000
-3.880000114   0.8600000143   32.99548721   0.1860152036   0.2480202615   0.1860152036   6.517154852    9.926576160    0.1738979901
6.714931729e-06   6.243478765e-06   3.398068082   nan   3.633972168   3.444366455   3.402791977   3.111176014   0.4799999893
48.73800387   59.11812248   93.35380424   nan   0.000000000   nan   14.18484863   10.38538041   nan

