5.27012  1.35659
5.47012  1.35659
8.67012  1.55659
5.27012  1.55659
5.27012  1.75659
8.67012  1.75659
8.67012  1.95659
5.27012  1.95659
5.27012  2.15659
8.67012  2.15659
8.67012  2.35659
5.27012  2.35659
5.27012  2.55659
8.67012  2.55659
8.67012  2.75659
5.27012  2.75659
5.27012  2.95659
8.67012  2.95659
8.67012  3.15659
5.27012  3.15659
5.27012  3.35659
8.67012  3.35659
8.67012  3.55659
5.27012  3.55659
5.27012  3.75659
8.67012  3.75659
8.67012  3.95659
5.27012  3.95659
5.27012  4.15659
8.67012  4.15659
8.67012  4.35659
5.27012  4.35659
5.27012  4.55659
8.67012  4.55659
8.67012  4.75659
5.27012  4.75659
5.27012  4.95659
8.67012  4.95659
8.67012  5.15659
5.07012  5.15659
5.07012  5.35659
8.47012  5.35659
8.47012  5.55659
5.07012  5.55659
5.07012  5.75659
8.47012  5.75659
8.47012  5.95659
5.27012  5.95659
5.27012  6.15659
8.47012  6.15659
8.47012  6.35659
5.27012  6.35659
5.27012  6.55659
8.47012  6.55659
8.47012  6.75659
5.27012  6.75659
5.27012  6.95659
8.47012  6.95659
8.47012  7.15659
5.27012  7.15659
5.27012  7.35659
8.47012  7.35659
8.47012  7.55659
5.27012  7.55659
5.27012  7.75659
8.47012  7.75659
8.67012  7.95659
5.27012  7.95659
5.47012  8.15659
8.47012  8.15659
8.47012  8.35659
5.47012  8.35659
5.47012  8.55659
