5.07012  5.15659
5.07012  5.75659
5.27012  7.95659
5.27012  1.35659
5.47012  1.35659
5.47012  8.55659
5.67012  8.55659
5.67012  1.55659
5.87012  1.55659
5.87012  8.55659
6.07012  8.55659
6.07012  1.55659
6.27012  1.55659
6.27012  8.55659
6.47012  8.55659
6.47012  1.55659
6.67012  1.55659
6.67012  8.55659
6.87012  8.55659
6.87012  1.55659
7.07012  1.55659
7.07012  8.55659
7.27012  8.55659
7.27012  1.35659
7.47012  1.35659
7.47012  8.55659
7.67012  8.55659
7.67012  1.35659
7.87012  1.35659
7.87012  8.55659
8.07012  8.55659
8.07012  1.55659
8.27012  1.55659
8.27012  8.55659
8.47012  8.55659
8.47012  1.55659
8.67012  1.55659
